Calling atan_rn(1.0)
Mul12
rh=-4.44817778575971406326e+306, rl=1.00000000000000000000e+00, u=1.00286227737052557885e+00, v=7.10854547066463976477e-315
_u=1.00000000000000000000e+00, _v=1.00286227737052557885e+00

Mul12
rh=-4.44813492541541663337e+306, rl=-1.42909345433543406162e-03, u=2.00286227737052557885e+00, v=7.10854547066463976477e-315
_u=-1.42909345433543406162e-03, _v=2.00286227737052557885e+00

Done.

Calling cos_rn(...)
JUST BEFORE RANGEREDUCE!
x=5.25561747156568686478e+05 absxhi=1092618739
yh=4.03261285377458347922e-313, yl=6.70722091894927621923e-304

Inside range reduction!
x=5.25561747156568686478e+05 absxhi=1092618739
pyh=4.03261285377458347922e-313, pyl=6.70722091894927621923e-304
XMAX_CODY_WAITE_3=1098457595
INV_PIO256       =1841940611
RR_DD_MCH        =-1.22718463030851293594e-02
k=42826624
kd=4.28266240000000000000e+07
YES (k&127) == 0
kch_h=0.00000000000000000000e+00 kch_l=0.00000000000000000000e+00 kd=4.28266240000000000000e+07

Mul12
rh=-4.44802777455466307943e+306, rl=4.28266240000000000000e+07, u=-1.22718463030851293594e-02, v=4.96180059647578715630e-270
_u=4.28266240000000000000e+07, _v=-1.22718463030851293594e-02

kch_h=-5.25561747408016817644e+05 kch_l=-5.74207348336130962707e-11 kd=4.28266240000000000000e+07
kcm_h=-5.25561747408016817644e+05 kcm_l=-5.74207348336130962707e-11 kd=4.28266240000000000000e+07

Mul12
rh=-4.44807063489896050933e+306, rl=4.28266240000000000000e+07, u=-4.78377655916934846552e-19, v=4.96180059647578715630e-270
_u=4.28266240000000000000e+07, _v=-4.78377655916934846552e-19

kcm_h=-5.25561747408016817644e+05 kcm_l=-5.74207348336130962707e-11 kd=4.28266240000000000000e+07


JUST AFTER RANGEREDUCE!
x=5.25561747156568686478e+05 absxhi=1092618739
yh=-2.51448209074433366370e-04, yl=7.56247299559575474285e-21

Done.

3.14159265358979311600E+00 0X400921FB54442D18
-2.51448206424747502854E-04 0XBF307A99D2BF578F
