Calling atan_rn(1.0)
Mul12
rh=-7.89549689039332576792e+307, rl=1.00000000000000000000e+00, u=1.00286227737052557885e+00, v=0.00000000000000000000e+00
_u=1.00000000000000000000e+00, _v=1.00286227737052557885e+00

Mul12
rh=-7.89546260211787185728e+307, rl=-1.42909345433543406162e-03, u=2.00286227737052557885e+00, v=-3.00369536884104485249e-114
_u=-1.42909345433543406162e-03, _v=2.00286227737052557885e+00

Done.

Calling cos_rn(...)
JUST BEFORE RANGEREDUCE!
x=5.25561747156568686478e+05 absxhi=1092618739
yh=-8.85010149040951725073e+266, yl=-2.16580020496315966310e+267

Inside range reduction!
x=5.25561747156568686478e+05 absxhi=1092618739
pyh=-8.85010149040951725073e+266, pyl=-2.16580020496315966310e+267
XMAX_CODY_WAITE_3=1098457595
INV_PIO256       =1841940611
RR_DD_MCH        =-1.22718463030851293594e-02
k=42826624
kd=4.28266240000000000000e+07
YES (k&127) == 0
kch_h=0.00000000000000000000e+00 kch_l=0.00000000000000000000e+00 kd=4.28266240000000000000e+07

Mul12
rh=-7.89487970143538689391e+307, rl=4.28266240000000000000e+07, u=-1.22718463030851293594e-02, v=2.25401941904106964294e-296
_u=4.28266240000000000000e+07, _v=-1.22718463030851293594e-02

kch_h=-5.25561747408016817644e+05 kch_l=-1.15628395747080503497e-10 kd=4.28266240000000000000e+07
kcm_h=-5.25561747408016817644e+05 kcm_l=-1.15628395747080503497e-10 kd=4.28266240000000000000e+07

Mul12
rh=-7.89529116074064222090e+307, rl=4.28266240000000000000e+07, u=-4.78377655916934846552e-19, v=2.25401941904106964294e-296
_u=4.28266240000000000000e+07, _v=-4.78377655916934846552e-19

kcm_h=-5.25561747408016817644e+05 kcm_l=-1.15628395747080503497e-10 kd=4.28266240000000000000e+07


JUST AFTER RANGEREDUCE!
x=5.25561747156568686478e+05 absxhi=1092618739
yh=-2.51448267282094279837e-04, yl=7.56247299559575474285e-21

Done.

3.14159265358979311600E+00 0X400921FB54442D18
-2.51448264632406573178E-04 0XBF307A9A12BF576D
